  0.999999225    
   9.99999978E-03  0.325135261    
   1.99999996E-02  0.281678557    
   2.99999993E-02  0.237111807    
   3.99999991E-02  0.191610605    
   4.99999970E-02  0.145354256    
   5.99999987E-02   9.85251293E-02
   7.00000003E-02   5.13078757E-02
   7.99999982E-02   3.88870016E-03
   8.99999961E-02  -4.35453802E-02
   9.99999940E-02  -9.08072442E-02
  0.109999999     -0.137710452    
  0.119999997     -0.184069932    
  0.129999995     -0.229702801    
  0.140000001     -0.274428964    
  0.149999991     -0.318071902    
  0.159999996     -0.360459477    
  0.170000002     -0.401424348    
  0.179999992     -0.440804839    
  0.189999998     -0.478445709    
  0.199999988     -0.514198184    
  0.209999993     -0.547921538    
  0.219999999     -0.579482913    
  0.229999989     -0.608758152    
  0.239999995     -0.635632038    
  0.250000000     -0.659999430    
  0.259999990     -0.681765079    
  0.269999981     -0.700844586    
  0.280000001     -0.717164397    
  0.289999992     -0.730662346    
  0.299999982     -0.741288066    
  0.310000002     -0.749002874    
  0.319999993     -0.753780305    
  0.329999983     -0.755606055    
  0.340000004     -0.754478097    
  0.349999994     -0.750406444    
  0.359999985     -0.743413448    
  0.370000005     -0.733533144    
  0.379999995     -0.720811188    
  0.389999986     -0.705304682    
  0.399999976     -0.687081337    
  0.409999996     -0.666219354    
  0.419999987     -0.642806768    
  0.429999977     -0.616941094    
  0.439999998     -0.588728487    
  0.449999988     -0.558283091    
  0.459999979     -0.525726557    
  0.469999999     -0.491187751    
  0.479999989     -0.454801619    
  0.489999980     -0.416708916    
  0.500000000     -0.377055585    
  0.509999990     -0.335992217    
  0.519999981     -0.293673635    
  0.529999971     -0.250258327    
  0.539999962     -0.205908015    
  0.550000012     -0.160787284    
  0.560000002     -0.115063131    
  0.569999993      -6.89044520E-02
  0.579999983      -2.24817581E-02
  0.589999974       2.40333341E-02
  0.599999964       7.04685450E-02
  0.610000014      0.116651386    
  0.620000005      0.162409633    
  0.629999995      0.207571909    
  0.639999986      0.251968205    
  0.649999976      0.295430362    
  0.659999967      0.337792873    
  0.669999957      0.378893197    
  0.680000007      0.418572903    
  0.689999998      0.456677616    
  0.699999988      0.493058443    
  0.709999979      0.527572036    
  0.719999969      0.560081601    
  0.729999959      0.590457439    
  0.740000010      0.618577480    
  0.750000000      0.644327879    
  0.759999990      0.667603791    
  0.769999981      0.688309729    
  0.779999971      0.706360042    
  0.789999962      0.721679270    
  0.799999952      0.734202743    
  0.810000002      0.743876874    
  0.819999993      0.750659406    
  0.829999983      0.754519403    
  0.839999974      0.755437493    
  0.849999964      0.753406644    
  0.859999955      0.748431265    
  0.870000005      0.740527630    
  0.879999995      0.729724169    
  0.889999986      0.716060400    
  0.899999976      0.699587941    
  0.909999967      0.680369496    
  0.919999957      0.658478975    
  0.930000007      0.634000719    
  0.939999998      0.607029915    
  0.949999988      0.577671528    
  0.959999979      0.546040177    
  0.969999969      0.512259722    
  0.979999959      0.476462483    
  0.989999950      0.438788891    
   1.00000000      0.399387002    
